74
97
95
78
65
93
80
92
92
89
100
99
84
92
84
76
98
93
78
98
88
94
72
92
48
58
99
90
83
96
85
61
90
90
85
81
75
98
81
88
99
79
77
93
81
98
97
94
53
76
98
93
83
92
94
72
94
96
73
93
97
98
64
90
82
95
58
93
93
99
74
95
96
97
82
60
74
93
60
88
95
96
71
84
89
99
74
86
98
85
91
49
84
78
82
87
60
87
79
96
93
98
85
90
92
71
88
81
79
95
86
55
98
74
96
63
57
86
96
89
85
55
57
65
65
21
69
85
93
77
77
93
81
65
92
85
97
85
66
72
90
55
87
93
93
55
92
56
81
99
95
98
66
70
88
87
82
51
88
87
93
38
97
80
68
62
92
73
92
96
60
89
97
95
100
89
69
69
95
88
76
89
81
53
62
98
98
75
95
93
99
76
96
99
82
95
94
88
46
78
97
97
95
94
95
85
97
89
78
95
95
63
74
43
91
97
99
82
96
71
87
94
96
84
94
79
88
58
66
90
85
74
84
96
94
79
97
100
88
93
85
86
88
87
89
94
97
95
75
86
85
89
55
85
45
87
89
85
70
85
50
75
74
79
66
71
99
92
81
93
70
71
82
99
85
76
83
75
85
95
90
60
88
96
68
73
93
87
97
81
92
93
91
90
78
89
68
81
86
77
84
99
82
90
94
72
82
91
75
79
92
92
71
89
83
100
58
89
92
72
64
93
83
78
83
83
76
88
99
90
86
100
80
87
91
93
80
94
86
70
45
74
98
99
97
90
88
79
67
88
72
85
82
78
94
95
89
77
81
65
95
82
94
74
74
80
97
93
95
94
81
85
78
96
99
98
24
82
89
95
55
51
88
84
91
91
90
99
88
99
80
69
74
65
81
94
100
84
78
56
85
86
65
27
92
78
95
98
72
71
93
88
100
89
100
72
81
91
88
65
60
90
90
87
80
81
86
27
89
89
88
91
72
97
60
68
71
83
81
81
100
28
14
95
94
67
15
35
93
73
95
73
94
45
86
67
89
98
59
92
88
94
94
20
56
92
91
91
90
88
95
70
77
90
100
89
98
87
83
93
80
84
90
89
90
85
67
96
82
90
89
95
79
60
89
50
83
92
91
98
86
74
95
94
99
92
89
86
69
84
82
97
90
58
95
84
83
84
98
95
61
96
77
91
84
88
72
80
75
46
71
54
93
81
88
87
94
80
99
99
89
73
69
81
98
97
82
87
94
96
92
88
95
87
88
95
96
94
82
99
98
86
92
57
67
95
93
87
92
88
95
78
66
88
94
94
68
83
65
91
32
85
98
79
84
92
87
85
14
93
94
91
86
95
94
96
51
95
89
86
92
65
95
74
53
91
49
88
12
95
90
98
85
76
36
98
81
58
92
73
89
100
77
95
94
66
73
99
97
88
88
86
82
89
91
95
95
95
84
86
81
80
85
56
96
79
66
78
93
95
86
48
93
73
86
81
96
93
84
64
100
45
96
80
82
79
66
93
81
70
73
98
95
72
79
99
93